devil
[BACKTILES]
204 204 204 204 204 204 204 204 204 9 2 18 2 2 2 18 2 3 204 204 204 204 204 204 204  
204 204 204 204 204 204 204 9 2 12 179 179 179 179 179 179 179 13 2 3 204 204 204 204 204  
204 204 204 204 204 204 9 12 24 24 179 179 179 179 179 179 179 24 24 13 3 204 204 204 204  
204 204 204 204 204 9 12 179 24 179 24 179 179 179 179 179 24 179 24 179 13 3 204 204 204  
204 204 204 204 204 8 179 179 24 179 179 24 179 179 179 24 179 179 24 179 179 4 204 204 204  
204 204 204 204 9 12 179 179 179 24 179 179 24 179 24 179 179 24 179 179 179 13 3 204 204  
204 204 204 204 16 179 179 179 179 24 179 179 179 24 179 179 179 24 179 179 179 179 17 204 204  
204 204 204 204 8 179 179 179 179 24 179 179 24 179 24 179 179 24 179 179 179 179 4 204 204  
204 204 204 9 12 179 179 179 179 179 24 24 179 179 179 24 24 179 179 179 179 179 13 3 204  
204 204 204 21 179 179 179 179 179 24 24 179 179 179 179 179 24 24 179 179 179 179 179 4 204  
204 204 204 7 11 179 179 24 24 179 179 24 179 179 179 24 179 179 24 24 179 179 10 5 204  
204 204 204 204 8 179 24 179 179 179 179 24 24 179 24 24 179 179 179 179 24 179 4 204 204  
204 204 204 204 16 24 24 24 24 24 24 24 24 24 24 24 24 24 24 24 24 24 17 204 204  
204 204 204 204 7 11 179 179 179 179 179 24 179 179 179 24 179 179 179 179 179 10 5 204 204  
204 204 204 204 204 8 179 179 179 179 179 24 179 179 179 24 179 179 179 179 179 4 204 204 204  
204 204 204 204 204 7 11 179 179 179 179 179 24 179 24 179 179 179 179 179 10 5 204 204 204  
204 204 204 204 204 204 7 11 179 179 179 179 24 179 24 179 179 179 179 10 5 204 204 204 204  
204 204 204 204 204 204 204 7 6 11 179 179 179 24 179 179 179 10 6 5 204 204 204 204 204  
204 204 204 204 204 204 204 204 204 7 6 19 6 6 6 19 6 5 204 204 204 204 204 204 204  
204 204 204 204 204 204 204 204 204 204 204 204 204 204 204 204 204 204 204 204 204 204 204 204 204  
[BLOCKTILES]
0 0 0 0 0 0 0 0 0 1 1 1 1 1 1 1 1 1 0 0 0 0 0 0 0  
0 0 0 0 0 0 0 1 1 1 0 0 0 0 0 0 0 1 1 1 0 0 0 0 0  
0 0 0 0 0 0 1 1 0 0 0 0 0 0 0 0 0 0 0 1 1 0 0 0 0  
0 0 0 0 0 1 1 0 0 0 0 0 0 0 0 0 0 0 0 0 1 1 0 0 0  
0 0 0 0 0 1 0 0 0 0 0 0 0 0 0 0 0 0 0 0 0 1 0 0 0  
0 0 0 0 1 1 0 0 0 0 0 0 0 0 0 0 0 0 0 0 0 1 1 0 0  
0 0 0 0 1 0 0 0 0 0 0 0 0 0 0 0 0 0 0 0 0 0 1 0 0  
0 0 0 0 1 0 0 0 0 0 0 0 0 0 0 0 0 0 0 0 0 0 1 0 0  
0 0 1 1 1 0 0 0 0 0 0 0 0 0 0 0 0 0 0 0 0 0 1 1 0  
0 0 1 0 0 0 0 0 0 0 0 0 0 0 0 0 0 0 0 0 0 0 0 1 0  
0 0 1 1 1 0 0 0 0 0 0 0 0 0 0 0 0 0 0 0 0 0 1 1 0  
0 0 0 0 1 0 0 0 0 0 0 0 0 0 0 0 0 0 0 0 0 0 1 0 0  
0 0 0 0 1 0 0 0 0 0 0 0 0 0 0 0 0 0 0 0 0 0 1 0 0  
0 0 0 0 1 1 0 0 0 0 0 0 0 0 0 0 0 0 0 0 0 1 1 0 0  
0 0 0 0 0 1 0 0 0 0 0 0 0 0 0 0 0 0 0 0 0 1 0 0 0  
0 0 0 0 0 1 1 0 0 0 0 0 0 0 0 0 0 0 0 0 1 1 0 0 0  
0 0 0 0 0 0 1 1 0 0 0 0 0 0 0 0 0 0 0 1 1 0 0 0 0  
0 0 0 0 0 0 0 1 1 1 0 0 0 0 0 0 0 1 1 1 0 0 0 0 0  
0 0 0 0 0 0 0 0 0 1 1 1 1 1 1 1 1 1 0 0 0 0 0 0 0  
0 0 0 0 0 0 0 0 0 0 0 0 0 0 0 0 0 0 0 0 0 0 0 0 0  
[DOORTILES]
0 0 0 0 0 0 0 0 0 0 0 0 0 0 0 0 0 0 0 0 0 0 0 0 0  
0 0 0 0 0 0 0 0 0 0 0 0 0 0 0 0 0 0 0 0 0 0 0 0 0 
0 0 0 0 0 0 0 0 0 0 0 0 0 0 0 0 0 0 0 0 0 0 0 0 0 
0 0 0 0 0 0 0 0 0 0 0 0 0 0 0 0 0 0 0 0 0 0 0 0 0 
0 0 0 0 0 0 0 0 0 0 0 0 0 0 0 0 0 0 0 0 0 0 0 0 0 
0 0 0 0 0 0 0 0 0 0 0 0 0 0 0 0 0 0 0 0 0 0 0 0 0 
0 0 0 0 0 0 0 0 0 0 0 0 0 0 0 0 0 0 0 0 0 0 0 0 0 
0 0 0 0 0 0 0 0 0 0 0 0 0 0 0 0 0 0 0 0 0 0 0 0 0 
0 0 0 0 0 0 0 0 0 0 0 0 0 0 0 0 0 0 0 0 0 0 0 0 0 
0 0 0 7x2x1 0 0 0 0 0 0 0 0 0 0 0 0 0 0 0 0 0 0 0 0 0 
0 0 0 0 0 0 0 0 0 0 0 0 0 0 0 0 0 0 0 0 0 0 0 0 0 
0 0 0 0 0 0 0 0 0 0 0 0 0 0 0 0 0 0 0 0 0 0 0 0 0 
0 0 0 0 0 0 0 0 0 0 0 0 0 0 0 0 0 0 0 0 0 0 0 0 0 
0 0 0 0 0 0 0 0 0 0 0 0 0 0 0 0 0 0 0 0 0 0 0 0 0 
0 0 0 0 0 0 0 0 0 0 0 0 0 0 0 0 0 0 0 0 0 0 0 0 0 
0 0 0 0 0 0 0 0 0 0 0 0 0 0 0 0 0 0 0 0 0 0 0 0 0 
0 0 0 0 0 0 0 0 0 0 0 0 0 0 0 0 0 0 0 0 0 0 0 0 0 
0 0 0 0 0 0 0 0 0 0 0 0 0 0 0 0 0 0 0 0 0 0 0 0 0 
0 0 0 0 0 0 0 0 0 0 0 0 0 0 0 0 0 0 0 0 0 0 0 0 0 
0 0 0 0 0 0 0 0 0 0 0 0 0 0 0 0 0 0 0 0 0 0 0 0 0 
[NEIGHBOURS]
1 1 1 1
[ENEMIES]
250 280 RedGuard
450 300 RedGuard
430 400 RedGuard
500 320 John
[SHOPNPC]
[CIVILIAN]
[ITEMS]